94 89
98 91
37 87
61 84
32 88
97 121
96 111
104 83
115 129
174 97
33 113
95 140
98 48
103 82
110 114
107 229
75 149
133 104
126 247
96 188
154 182
164 180
104 127
118 174
141 132
145 160
154 136
181 146
181 171
175 154
175 132
232 195
115 249
242 229
220 21
228 229
219 54
45 154
4 97
17 46
212 147
50 125
35 127
45 186
41 44
5 245
29 105
39 177
21 21
165 182
140 65
221 246
185 97
160 79
167 54
182 85
158 217
165 28
115 169
108 237
165 242
76 239
104 22
39 226
156 133
163 151
176 142
126 214
69 153
109 131
157 231
130 123
159 207
122 239
162 146
181 165
226 194
150 157
209 225
226 136
177 73
66 186
138 173
166 210
163 138
83 168
140 87
203 118
140 201
182 136
192 152
194 190
234 210
250 178
231 156
3 179
235 27
